% Matrice compusa din 20 de linii ce contin masuratori reprezentand 
% raspunsul sistemului pentru o intrare de amplitudine 38.46 RPM ( 20 de 
% simulari realizate in conditii similare ) 
speed_readings = zeros(20,200);

% Vector utilizat pentru calculul valorii medii a masuratorilor ( zgomotul 
% alb gaussian este de medie 0, deci, adunand mai multe raspunsuri afectate
% de zgomot si impartind rezultatul la numarul de masuratori, efectul
% zgomotului este redus considerabil )
speed_readings_mean_value = zeros(1,200);

% Populam randurile matricei mentionate anterior cu masuratori obtinute din
% terminal
speed_readings(1,:) = [0.0000 0.0000 0.0000 0.0000 0.0000 0.5714 2.8571 6.2857 8.5714 10.2857 13.1429 14.8571 16.5714 19.4286 20.5714 22.8571 25.1429 26.8571 28.5714 30.2857 32.5714 34.2857 34.8571 35.4286 34.8571 34.2857 35.4286 36.0000 36.5714 36.5714 37.7143 36.5714 37.1429 36.5714 37.7143 37.7143 36.0000 34.8571 33.7143 34.2857 33.7143 34.2857 34.8571 34.8571 36.0000 35.4286 36.0000 35.4286 35.4286 36.0000 36.5714 36.5714 36.0000 36.0000 35.4286 34.8571 34.2857 35.4286 34.2857 34.8571 34.8571 35.4286 36.5714 36.0000 34.8571 34.8571 35.4286 36.0000 35.4286 34.8571 35.4286 36.0000 36.5714 37.1429 36.5714 37.1429 36.5714 36.5714 36.5714 36.5714 35.4286 34.2857 34.2857 34.8571 35.4286 36.0000 36.0000 37.1429 36.5714 37.7143 36.5714 36.5714 36.0000 35.4286 35.4286 34.8571 34.8571 34.8571 35.4286 36.0000 35.4286 35.4286 34.2857 34.8571 33.7143 33.1429 33.7143 34.2857 35.4286 35.4286 36.0000 36.5714 37.1429 36.0000 36.0000 36.0000 34.8571 36.0000 35.4286 34.8571 34.2857 35.4286 36.0000 36.5714 37.1429 38.2857 37.1429 36.5714 34.8571 34.8571 33.7143 33.1429 33.7143 33.1429 33.7143 35.4286 36.0000 37.1429 38.2857 38.2857 38.2857 37.7143 37.1429 36.5714 37.1429 36.5714 36.5714 36.0000 35.4286 35.4286 35.4286 36.0000 35.4286 36.0000 37.1429 36.0000 34.8571 35.4286 36.5714 37.1429 37.7143 37.7143 37.1429 36.5714 35.4286 36.0000 36.5714 37.1429 37.1429 37.7143 37.7143 37.1429 36.5714 36.0000 35.4286 35.4286 35.4286 35.4286 35.4286 35.4286 35.4286 35.4286 36.0000 36.0000 36.5714 36.0000 36.0000 36.0000 34.2857 34.2857 34.8571 34.2857 36.0000 36.0000 36.0000 36.0000 36.5714 36.0000 36.5714 36.0000];
speed_readings(2,:) = [0.0000 0.0000 0.0000 0.0000 0.0000 0.0000 0.0000 0.5714 5.1429 8.5714 11.4286 13.7143 16.0000 18.2857 20.0000 21.7143 24.0000 26.2857 28.0000 29.7143 32.0000 33.7143 35.4286 35.4286 36.0000 36.5714 36.0000 37.1429 37.1429 37.7143 37.7143 38.2857 38.8571 38.2857 36.5714 37.1429 37.1429 37.1429 36.5714 36.0000 36.0000 34.8571 35.4286 36.5714 36.0000 36.0000 36.0000 36.5714 36.5714 36.5714 36.5714 36.5714 36.5714 36.0000 35.4286 34.8571 35.4286 36.0000 36.0000 36.5714 36.0000 36.5714 36.0000 34.8571 33.1429 33.7143 34.2857 34.2857 35.4286 36.0000 36.5714 37.1429 36.5714 36.0000 36.5714 36.5714 36.5714 37.7143 37.1429 37.1429 37.1429 37.1429 36.5714 36.5714 36.5714 36.0000 36.0000 35.4286 36.0000 36.0000 36.5714 36.0000 36.5714 36.0000 36.0000 36.5714 36.5714 36.5714 36.5714 36.0000 36.5714 36.5714 36.5714 36.0000 35.4286 34.2857 34.8571 35.4286 35.4286 35.4286 35.4286 35.4286 35.4286 35.4286 36.0000 35.4286 34.8571 34.8571 35.4286 37.1429 37.1429 37.7143 37.7143 38.2857 37.7143 38.2857 38.2857 37.7143 36.5714 36.0000 35.4286 34.8571 34.2857 34.8571 34.8571 35.4286 34.8571 36.5714 36.5714 37.7143 36.5714 36.5714 37.1429 35.4286 35.4286 36.5714 38.2857 38.2857 38.2857 38.8571 39.4286 38.2857 37.1429 36.5714 36.5714 36.5714 37.7143 38.2857 38.2857 39.4286 38.8571 38.2857 37.1429 37.7143 37.7143 36.5714 37.1429 37.1429 36.0000 36.0000 36.0000 35.4286 36.0000 36.0000 35.4286 36.5714 37.1429 36.5714 36.0000 36.5714 35.4286 35.4286 36.0000 36.5714 36.0000 36.5714 36.0000 36.5714 36.5714 36.0000 36.5714 37.1429 37.7143 38.2857 38.2857 38.2857 38.2857 37.7143 37.1429 35.4286];
speed_readings(3,:) = [0.0000 0.0000 0.0000 0.0000 0.0000 0.0000 0.0000 0.0000 5.7143 9.1429 12.0000 13.7143 16.5714 17.7143 20.5714 21.7143 24.0000 25.7143 28.0000 29.1429 30.2857 31.4286 32.5714 33.1429 34.2857 35.4286 34.8571 35.4286 35.4286 34.8571 35.4286 35.4286 36.0000 36.5714 36.0000 36.5714 35.4286 35.4286 35.4286 35.4286 36.0000 36.0000 36.5714 36.0000 37.1429 36.5714 36.0000 36.5714 36.5714 37.1429 37.1429 37.1429 36.5714 36.5714 37.1429 36.0000 36.0000 36.5714 36.0000 36.0000 36.5714 36.0000 36.0000 36.0000 35.4286 35.4286 36.5714 36.5714 36.5714 35.4286 34.8571 34.8571 34.2857 34.2857 34.2857 35.4286 36.0000 36.0000 36.0000 36.0000 36.5714 36.5714 36.0000 36.5714 35.4286 36.0000 35.4286 36.0000 35.4286 36.5714 36.5714 36.5714 36.5714 36.5714 36.5714 36.0000 37.1429 36.5714 36.5714 37.1429 36.5714 36.5714 36.5714 36.0000 36.5714 36.5714 36.0000 36.0000 36.5714 35.4286 35.4286 34.8571 34.8571 35.4286 34.8571 35.4286 35.4286 35.4286 34.2857 34.8571 34.2857 34.2857 35.4286 36.0000 36.0000 36.5714 35.4286 34.8571 34.8571 34.8571 35.4286 35.4286 37.1429 37.1429 37.7143 37.1429 36.0000 36.0000 35.4286 34.8571 35.4286 35.4286 35.4286 34.8571 35.4286 35.4286 35.4286 35.4286 35.4286 35.4286 35.4286 35.4286 34.8571 35.4286 36.0000 35.4286 34.8571 35.4286 36.5714 36.5714 37.1429 37.1429 36.5714 36.5714 36.5714 36.0000 36.0000 36.0000 36.0000 35.4286 35.4286 34.8571 35.4286 35.4286 34.8571 34.8571 35.4286 34.2857 34.2857 34.2857 34.8571 34.8571 34.8571 34.8571 34.8571 34.8571 34.2857 34.2857 34.8571 34.8571 35.4286 36.0000 36.0000 36.0000 35.4286 35.4286 34.8571 34.8571 35.4286 34.8571];
speed_readings(4,:) = [0.0000 0.0000 0.0000 0.0000 0.0000 0.0000 0.5714 4.0000 8.5714 10.8571 13.7143 15.4286 18.2857 19.4286 22.2857 24.0000 25.7143 28.0000 30.2857 31.4286 32.5714 33.7143 34.2857 34.8571 36.5714 37.1429 37.1429 36.0000 36.0000 36.5714 36.0000 37.1429 37.1429 37.1429 37.1429 37.7143 37.7143 38.2857 37.7143 38.2857 37.1429 37.1429 37.7143 37.7143 36.5714 36.0000 36.0000 36.0000 37.1429 37.7143 37.1429 37.1429 36.5714 38.2857 38.2857 38.2857 38.2857 37.1429 36.5714 38.2857 38.2857 38.2857 38.2857 38.2857 37.7143 37.7143 37.1429 36.0000 34.8571 34.2857 34.2857 35.4286 35.4286 34.8571 35.4286 36.5714 37.7143 38.8571 38.2857 37.7143 36.5714 36.0000 36.0000 36.5714 36.5714 36.5714 36.0000 36.0000 36.5714 36.0000 34.8571 35.4286 36.5714 37.7143 38.2857 37.7143 37.1429 37.7143 36.5714 36.5714 37.7143 38.2857 37.7143 37.7143 37.1429 36.0000 34.8571 35.4286 36.0000 37.1429 38.2857 38.2857 37.7143 36.5714 36.5714 36.0000 36.0000 36.5714 37.1429 37.1429 36.0000 37.1429 36.5714 36.5714 36.5714 36.0000 36.5714 37.7143 38.8571 38.8571 38.8571 38.2857 37.7143 38.2857 37.7143 37.1429 36.5714 37.1429 37.1429 36.5714 35.4286 36.0000 36.5714 37.1429 36.5714 36.5714 36.5714 36.5714 37.7143 37.7143 37.1429 37.1429 37.1429 37.1429 36.5714 37.7143 38.2857 38.8571 38.8571 38.8571 38.2857 37.1429 36.5714 36.5714 36.5714 37.7143 37.7143 37.1429 35.4286 34.8571 34.8571 35.4286 35.4286 36.0000 36.5714 37.1429 36.5714 37.1429 37.1429 36.5714 37.1429 36.5714 36.5714 37.1429 36.5714 36.0000 36.0000 36.0000 36.0000 37.1429 36.5714 37.1429 37.7143 38.2857 38.2857 37.1429 37.1429 36.5714 36.0000 37.1429];
